start_date,end_date,creates,edits,deletes,total
2020-08-14 00:00:00,2020-08-15 00:00:00,132,5,0,137
2020-08-15 00:00:00,2020-08-16 00:00:00,298,183,74,555
2020-08-16 00:00:00,2020-08-17 00:00:00,90,0,50,140
2020-08-17 00:00:00,2020-08-18 00:00:00,5,6,0,11
2020-08-18 00:00:00,2020-08-19 00:00:00,5,3,0,8
2020-08-19 00:00:00,2020-08-20 00:00:00,482,4,0,486
2020-08-20 00:00:00,2020-08-21 00:00:00,86,118,38,242
2020-08-21 00:00:00,2020-08-22 00:00:00,777,37,6,820
2020-08-22 00:00:00,2020-08-23 00:00:00,3,0,0,3
2020-08-23 00:00:00,2020-08-24 00:00:00,122,7,0,129
2020-08-24 00:00:00,2020-08-25 00:00:00,121,14,1,136
2020-08-25 00:00:00,2020-08-26 00:00:00,1052,38,20,1110
2020-08-26 00:00:00,2020-08-27 00:00:00,389,92,0,481
2020-08-27 00:00:00,2020-08-28 00:00:00,32,0,0,32
2020-08-28 00:00:00,2020-08-29 00:00:00,1432,142,197,1771
2020-08-29 00:00:00,2020-08-30 00:00:00,355,331,46,732
2020-08-30 00:00:00,2020-08-31 00:00:00,934,831,161,1926
2020-08-31 00:00:00,2020-09-01 00:00:00,8,6,1,15
2020-09-01 00:00:00,2020-09-02 00:00:00,13,261,2,276
2020-09-02 00:00:00,2020-09-03 00:00:00,282,159,12,453
2020-09-03 00:00:00,2020-09-04 00:00:00,409,11,11,431
2020-09-04 00:00:00,2020-09-05 00:00:00,6,1,0,7
2020-09-05 00:00:00,2020-09-06 00:00:00,528,3,102,633
2020-09-06 00:00:00,2020-09-07 00:00:00,579,309,124,1012
2020-09-07 00:00:00,2020-09-08 00:00:00,415,174,29,618
2020-09-08 00:00:00,2020-09-09 00:00:00,614,39,8,661
2020-09-09 00:00:00,2020-09-10 00:00:00,879,642,233,1754
2020-09-10 00:00:00,2020-09-11 00:00:00,245,81,680,1006
2020-09-11 00:00:00,2020-09-12 00:00:00,1640,386,136,2162
2020-09-12 00:00:00,2020-09-13 00:00:00,1491,466,202,2159
2020-09-13 00:00:00,2020-09-14 00:00:00,359,389,212,960
2020-09-14 00:00:00,2020-09-15 00:00:00,806,2147,145,3098
2020-09-15 00:00:00,2020-09-16 00:00:00,319,699,102,1120
2020-09-16 00:00:00,2020-09-17 00:00:00,58,31,1,90
2020-09-17 00:00:00,2020-09-18 00:00:00,903,1084,52,2039
2020-09-18 00:00:00,2020-09-19 00:00:00,5871,3155,515,9541
2020-09-19 00:00:00,2020-09-20 00:00:00,8925,7226,956,17107
2020-09-20 00:00:00,2020-09-21 00:00:00,3792,2186,259,6237
2020-09-21 00:00:00,2020-09-22 00:00:00,7194,3191,1026,11411
2020-09-22 00:00:00,2020-09-23 00:00:00,5243,1565,682,7490
2020-09-23 00:00:00,2020-09-24 00:00:00,8563,4180,2011,14754
2020-09-24 00:00:00,2020-09-25 00:00:00,2373,1452,204,4029
2020-09-25 00:00:00,2020-09-26 00:00:00,5660,3918,1382,10960
2020-09-26 00:00:00,2020-09-27 00:00:00,3132,1434,549,5115
2020-09-27 00:00:00,2020-09-28 00:00:00,1591,1486,498,3575
2020-09-28 00:00:00,2020-09-29 00:00:00,3820,2399,1099,7318
2020-09-29 00:00:00,2020-09-30 00:00:00,3674,3034,616,7324
2020-09-30 00:00:00,2020-10-01 00:00:00,2090,2126,324,4540
2020-10-01 00:00:00,2020-10-02 00:00:00,3615,2416,359,6390
2020-10-02 00:00:00,2020-10-03 00:00:00,3036,2442,129,5607
2020-10-03 00:00:00,2020-10-04 00:00:00,996,1603,276,2875
2020-10-04 00:00:00,2020-10-05 00:00:00,2635,3134,419,6188
2020-10-05 00:00:00,2020-10-06 00:00:00,4097,2830,866,7793
2020-10-06 00:00:00,2020-10-07 00:00:00,3428,3082,468,6978
2020-10-07 00:00:00,2020-10-08 00:00:00,1472,2609,319,4400
2020-10-08 00:00:00,2020-10-09 00:00:00,1449,2005,329,3783
2020-10-09 00:00:00,2020-10-10 00:00:00,1729,1174,114,3017
2020-10-10 00:00:00,2020-10-11 00:00:00,546,400,57,1003
2020-10-11 00:00:00,2020-10-12 00:00:00,2719,1650,949,5318
2020-10-12 00:00:00,2020-10-13 00:00:00,1511,1076,100,2687
2020-10-13 00:00:00,2020-10-14 00:00:00,1227,2405,231,3863
2020-10-14 00:00:00,2020-10-15 00:00:00,1263,500,363,2126
2020-10-15 00:00:00,2020-10-16 00:00:00,1814,1169,165,3148
2020-10-16 00:00:00,2020-10-17 00:00:00,1186,448,97,1731
2020-10-17 00:00:00,2020-10-18 00:00:00,1628,3856,354,5838
2020-10-18 00:00:00,2020-10-19 00:00:00,2625,669,1333,4627
2020-10-19 00:00:00,2020-10-20 00:00:00,2600,1760,307,4667
2020-10-20 00:00:00,2020-10-21 00:00:00,1040,956,1009,3005
2020-10-21 00:00:00,2020-10-22 00:00:00,110,337,232,679
2020-10-22 00:00:00,2020-10-23 00:00:00,792,266,491,1549
2020-10-23 00:00:00,2020-10-24 00:00:00,398,161,254,813
2020-10-24 00:00:00,2020-10-25 00:00:00,9,108,16,133
2020-10-25 00:00:00,2020-10-26 00:00:00,10,56,2,68
2020-10-26 00:00:00,2020-10-27 00:00:00,558,347,157,1062
2020-10-27 00:00:00,2020-10-28 00:00:00,486,507,226,1219
2020-10-28 00:00:00,2020-10-29 00:00:00,764,769,410,1943
2020-10-29 00:00:00,2020-10-30 00:00:00,269,416,145,830
2020-10-30 00:00:00,2020-10-31 00:00:00,982,392,524,1898
2020-10-31 00:00:00,2020-11-01 00:00:00,54,7,46,107
2020-11-01 00:00:00,2020-11-02 00:00:00,25,12,10,47
2020-11-02 00:00:00,2020-11-03 00:00:00,1027,1639,619,3285
2020-11-03 00:00:00,2020-11-04 00:00:00,250,78,5,333
2020-11-04 00:00:00,2020-11-05 00:00:00,33,71,12,116
2020-11-05 00:00:00,2020-11-06 00:00:00,472,14,27,513
2020-11-06 00:00:00,2020-11-07 00:00:00,67,125,0,192
2020-11-07 00:00:00,2020-11-08 00:00:00,1214,290,227,1731
2020-11-08 00:00:00,2020-11-09 00:00:00,205,441,27,673
2020-11-09 00:00:00,2020-11-10 00:00:00,137,53,54,244
2020-11-10 00:00:00,2020-11-11 00:00:00,737,406,336,1479
2020-11-11 00:00:00,2020-11-12 00:00:00,125,69,35,229
2020-11-12 00:00:00,2020-11-13 00:00:00,89,6,0,95
2020-11-13 00:00:00,2020-11-14 00:00:00,145,46,55,246
2020-11-14 00:00:00,2020-11-15 00:00:00,769,91,32,892
2020-11-15 00:00:00,2020-11-16 00:00:00,83,10,20,113
2020-11-16 00:00:00,2020-11-17 00:00:00,66,11,10,87
2020-11-17 00:00:00,2020-11-18 00:00:00,39,11,0,50
2020-11-18 00:00:00,2020-11-19 00:00:00,10,2,0,12
2020-11-19 00:00:00,2020-11-20 00:00:00,674,453,418,1545
2020-11-20 00:00:00,2020-11-21 00:00:00,461,146,185,792
2020-11-21 00:00:00,2020-11-22 00:00:00,155,87,0,242
2020-11-22 00:00:00,2020-11-23 00:00:00,79,6,6,91
2020-11-23 00:00:00,2020-11-24 00:00:00,21,6,2,29
2020-11-24 00:00:00,2020-11-25 00:00:00,244,291,127,662
2020-11-25 00:00:00,2020-11-26 00:00:00,193,429,167,789
2020-11-26 00:00:00,2020-11-27 00:00:00,152,93,15,260
2020-11-27 00:00:00,2020-11-28 00:00:00,849,265,242,1356
2020-11-28 00:00:00,2020-11-29 00:00:00,209,78,66,353
2020-11-29 00:00:00,2020-11-30 00:00:00,339,56,60,455
2020-11-30 00:00:00,2020-12-01 00:00:00,3,19,2,24
2020-12-01 00:00:00,2020-12-02 00:00:00,107,224,130,461
2020-12-02 00:00:00,2020-12-03 00:00:00,295,435,93,823
2020-12-03 00:00:00,2020-12-04 00:00:00,642,232,248,1122
2020-12-04 00:00:00,2020-12-05 00:00:00,189,233,34,456
2020-12-05 00:00:00,2020-12-06 00:00:00,93,48,30,171
2020-12-06 00:00:00,2020-12-07 00:00:00,5,10,2,17
2020-12-07 00:00:00,2020-12-08 00:00:00,404,509,110,1023
2020-12-08 00:00:00,2020-12-09 00:00:00,2168,222,30,2420
2020-12-09 00:00:00,2020-12-10 00:00:00,2716,368,172,3256
2020-12-10 00:00:00,2020-12-11 00:00:00,2748,1098,432,4278
2020-12-11 00:00:00,2020-12-12 00:00:00,153,1,70,224
2020-12-12 00:00:00,2020-12-13 00:00:00,230,75,77,382
2020-12-13 00:00:00,2020-12-14 00:00:00,90,0,75,165
2020-12-14 00:00:00,2020-12-15 00:00:00,37,4,0,41
2020-12-15 00:00:00,2020-12-16 00:00:00,815,230,237,1282
2020-12-16 00:00:00,2020-12-17 00:00:00,70,51,0,121
2020-12-17 00:00:00,2020-12-18 00:00:00,378,9,0,387
2020-12-18 00:00:00,2020-12-19 00:00:00,1639,12,0,1651
2020-12-19 00:00:00,2020-12-20 00:00:00,561,314,209,1084
2020-12-20 00:00:00,2020-12-21 00:00:00,3,7,1,11
2020-12-21 00:00:00,2020-12-22 00:00:00,9,3,0,12
2020-12-22 00:00:00,2020-12-23 00:00:00,576,271,185,1032
2020-12-23 00:00:00,2020-12-24 00:00:00,888,470,303,1661
2020-12-24 00:00:00,2020-12-25 00:00:00,8,42,1,51
2020-12-25 00:00:00,2020-12-26 00:00:00,2,1,0,3
2020-12-26 00:00:00,2020-12-27 00:00:00,10,4,0,14
2020-12-27 00:00:00,2020-12-28 00:00:00,100,2,25,127
2020-12-28 00:00:00,2020-12-29 00:00:00,280,11,3,294
2020-12-29 00:00:00,2020-12-30 00:00:00,30,15,3,48
2020-12-30 00:00:00,2020-12-31 00:00:00,364,5,0,369
2020-12-31 00:00:00,2021-01-01 00:00:00,311,138,23,472
2021-01-01 00:00:00,2021-01-02 00:00:00,53,24,1,78
2021-01-02 00:00:00,2021-01-03 00:00:00,426,163,58,647
2021-01-03 00:00:00,2021-01-04 00:00:00,37,10,21,68
2021-01-04 00:00:00,2021-01-05 00:00:00,440,136,134,710
2021-01-05 00:00:00,2021-01-06 00:00:00,13,11,0,24
2021-01-06 00:00:00,2021-01-07 00:00:00,156,4,0,160
2021-01-07 00:00:00,2021-01-08 00:00:00,1982,1600,1199,4781
2021-01-08 00:00:00,2021-01-09 00:00:00,959,264,476,1699
2021-01-09 00:00:00,2021-01-10 00:00:00,6,10,0,16
2021-01-10 00:00:00,2021-01-11 00:00:00,93,5,58,156
2021-01-11 00:00:00,2021-01-12 00:00:00,500,122,114,736
2021-01-12 00:00:00,2021-01-13 00:00:00,7,7,0,14
2021-01-13 00:00:00,2021-01-14 00:00:00,56,2,0,58
2021-01-14 00:00:00,2021-01-15 00:00:00,3278,921,3901,8100
2021-01-15 00:00:00,2021-01-16 00:00:00,888,201,213,1302
2021-01-16 00:00:00,2021-01-17 00:00:00,226,136,62,424
2021-01-17 00:00:00,2021-01-18 00:00:00,22,70,0,92
2021-01-18 00:00:00,2021-01-19 00:00:00,427,101,52,580
2021-01-19 00:00:00,2021-01-20 00:00:00,707,3907,1361,5975
2021-01-20 00:00:00,2021-01-21 00:00:00,180,1,0,181
2021-01-21 00:00:00,2021-01-22 00:00:00,2292,1634,634,4560
2021-01-22 00:00:00,2021-01-23 00:00:00,802,690,294,1786
2021-01-23 00:00:00,2021-01-24 00:00:00,4,16,0,20
2021-01-24 00:00:00,2021-01-25 00:00:00,5,15,0,20
2021-01-25 00:00:00,2021-01-26 00:00:00,137,148,7,292
2021-01-26 00:00:00,2021-01-27 00:00:00,207,230,113,550
2021-01-27 00:00:00,2021-01-28 00:00:00,146,1,0,147
2021-01-28 00:00:00,2021-01-29 00:00:00,4180,6238,2811,13229
2021-01-29 00:00:00,2021-01-30 00:00:00,550,304,427,1281
2021-01-30 00:00:00,2021-01-31 00:00:00,9,139,3,151
2021-01-31 00:00:00,2021-02-01 00:00:00,19,15,0,34
2021-02-01 00:00:00,2021-02-02 00:00:00,68,9,0,77
2021-02-02 00:00:00,2021-02-03 00:00:00,696,122,11,829
2021-02-03 00:00:00,2021-02-04 00:00:00,876,418,401,1695
2021-02-04 00:00:00,2021-02-05 00:00:00,1097,110,256,1463
2021-02-05 00:00:00,2021-02-06 00:00:00,515,349,113,977
2021-02-06 00:00:00,2021-02-07 00:00:00,645,265,120,1030
2021-02-07 00:00:00,2021-02-08 00:00:00,1636,36,18,1690
2021-02-08 00:00:00,2021-02-09 00:00:00,10,2,0,12
2021-02-09 00:00:00,2021-02-10 00:00:00,212,224,5,441
2021-02-10 00:00:00,2021-02-11 00:00:00,415,116,214,745
2021-02-11 00:00:00,2021-02-12 00:00:00,1571,159,16,1746
2021-02-12 00:00:00,2021-02-13 00:00:00,165,298,102,565
2021-02-13 00:00:00,2021-02-14 00:00:00,132,6,31,169
2021-02-14 00:00:00,2021-02-15 00:00:00,217,236,1,454
2021-02-15 00:00:00,2021-02-16 00:00:00,673,378,262,1313
2021-02-16 00:00:00,2021-02-17 00:00:00,799,435,130,1364
2021-02-17 00:00:00,2021-02-18 00:00:00,448,258,3,709
2021-02-18 00:00:00,2021-02-19 00:00:00,467,94,204,765
2021-02-19 00:00:00,2021-02-20 00:00:00,720,205,390,1315
2021-02-20 00:00:00,2021-02-21 00:00:00,408,123,161,692
2021-02-21 00:00:00,2021-02-22 00:00:00,529,286,193,1008
2021-02-22 00:00:00,2021-02-23 00:00:00,21,16,2,39
2021-02-23 00:00:00,2021-02-24 00:00:00,496,25,1,522
2021-02-24 00:00:00,2021-02-25 00:00:00,337,230,222,789
2021-02-25 00:00:00,2021-02-26 00:00:00,6,2,0,8
2021-02-26 00:00:00,2021-02-27 00:00:00,172,94,142,408
2021-02-27 00:00:00,2021-02-28 00:00:00,106,10,5,121
2021-02-28 00:00:00,2021-03-01 00:00:00,229,202,0,431
2021-03-01 00:00:00,2021-03-02 00:00:00,358,86,219,663
2021-03-02 00:00:00,2021-03-03 00:00:00,924,468,266,1658
2021-03-03 00:00:00,2021-03-04 00:00:00,90,57,0,147
2021-03-04 00:00:00,2021-03-05 00:00:00,604,238,214,1056
2021-03-05 00:00:00,2021-03-06 00:00:00,1000,187,52,1239
2021-03-06 00:00:00,2021-03-07 00:00:00,540,312,16,868
2021-03-07 00:00:00,2021-03-08 00:00:00,134,23,0,157
2021-03-08 00:00:00,2021-03-09 00:00:00,807,323,232,1362
2021-03-09 00:00:00,2021-03-10 00:00:00,651,51,339,1041
2021-03-10 00:00:00,2021-03-11 00:00:00,990,318,517,1825
2021-03-11 00:00:00,2021-03-12 00:00:00,585,586,212,1383
2021-03-12 00:00:00,2021-03-13 00:00:00,891,524,434,1849
2021-03-13 00:00:00,2021-03-14 00:00:00,158,88,0,246
2021-03-14 00:00:00,2021-03-15 00:00:00,426,362,55,843
2021-03-15 00:00:00,2021-03-16 00:00:00,108,118,2,228
2021-03-16 00:00:00,2021-03-17 00:00:00,387,303,51,741
2021-03-17 00:00:00,2021-03-18 00:00:00,484,317,212,1013
2021-03-18 00:00:00,2021-03-19 00:00:00,617,564,144,1325
2021-03-19 00:00:00,2021-03-20 00:00:00,618,74,81,773
2021-03-20 00:00:00,2021-03-21 00:00:00,777,124,37,938
2021-03-21 00:00:00,2021-03-22 00:00:00,3,1,0,4
2021-03-22 00:00:00,2021-03-23 00:00:00,256,267,0,523
2021-03-23 00:00:00,2021-03-24 00:00:00,189,341,162,692
2021-03-24 00:00:00,2021-03-25 00:00:00,668,354,145,1167
2021-03-25 00:00:00,2021-03-26 00:00:00,354,254,45,653
2021-03-26 00:00:00,2021-03-27 00:00:00,719,399,170,1288
2021-03-27 00:00:00,2021-03-28 00:00:00,362,223,51,636
2021-03-28 00:00:00,2021-03-29 00:00:00,16,3,0,19
2021-03-29 00:00:00,2021-03-30 00:00:00,1691,125,12,1828
2021-03-30 00:00:00,2021-03-31 00:00:00,408,286,32,726
2021-03-31 00:00:00,2021-04-01 00:00:00,68,87,0,155
2021-04-01 00:00:00,2021-04-02 00:00:00,459,315,35,809
2021-04-02 00:00:00,2021-04-03 00:00:00,682,544,223,1449
2021-04-03 00:00:00,2021-04-04 00:00:00,136,121,0,257
2021-04-04 00:00:00,2021-04-05 00:00:00,159,19,0,178
2021-04-05 00:00:00,2021-04-06 00:00:00,163,356,0,519
2021-04-06 00:00:00,2021-04-07 00:00:00,640,369,122,1131
2021-04-07 00:00:00,2021-04-08 00:00:00,1275,313,17,1605
2021-04-08 00:00:00,2021-04-09 00:00:00,1568,750,374,2692
2021-04-09 00:00:00,2021-04-10 00:00:00,1701,156,15,1872
2021-04-10 00:00:00,2021-04-11 00:00:00,1110,225,51,1386
2021-04-11 00:00:00,2021-04-12 00:00:00,175,16,0,191
2021-04-12 00:00:00,2021-04-13 00:00:00,875,92,31,998
2021-04-13 00:00:00,2021-04-14 00:00:00,917,204,153,1274
2021-04-14 00:00:00,2021-04-15 00:00:00,529,349,250,1128
2021-04-15 00:00:00,2021-04-16 00:00:00,693,176,20,889
2021-04-16 00:00:00,2021-04-17 00:00:00,833,405,209,1447
2021-04-17 00:00:00,2021-04-18 00:00:00,4,0,0,4
2021-04-18 00:00:00,2021-04-19 00:00:00,280,291,16,587
2021-04-19 00:00:00,2021-04-20 00:00:00,745,74,11,830
2021-04-20 00:00:00,2021-04-21 00:00:00,178,194,1,373
2021-04-21 00:00:00,2021-04-22 00:00:00,187,17,19,223
2021-04-22 00:00:00,2021-04-23 00:00:00,1348,387,149,1884
2021-04-23 00:00:00,2021-04-24 00:00:00,504,66,130,700
2021-04-24 00:00:00,2021-04-25 00:00:00,153,157,0,310
2021-04-25 00:00:00,2021-04-26 00:00:00,432,478,519,1429
2021-04-26 00:00:00,2021-04-27 00:00:00,226,223,9,458
2021-04-27 00:00:00,2021-04-28 00:00:00,675,261,79,1015
2021-04-28 00:00:00,2021-04-29 00:00:00,30,5,0,35
2021-04-29 00:00:00,2021-04-30 00:00:00,503,40,30,573
2021-04-30 00:00:00,2021-05-01 00:00:00,29,39,4,72
2021-05-01 00:00:00,2021-05-02 00:00:00,1608,1012,283,2903
2021-05-02 00:00:00,2021-05-03 00:00:00,2208,937,328,3473
2021-05-03 00:00:00,2021-05-04 00:00:00,2954,1226,1032,5212
2021-05-04 00:00:00,2021-05-05 00:00:00,4366,768,1663,6797
2021-05-05 00:00:00,2021-05-06 00:00:00,3754,1595,1571,6920
2021-05-06 00:00:00,2021-05-07 00:00:00,2230,1100,769,4099
2021-05-07 00:00:00,2021-05-08 00:00:00,2645,1418,936,4999
2021-05-08 00:00:00,2021-05-09 00:00:00,2401,961,661,4023
2021-05-09 00:00:00,2021-05-10 00:00:00,1478,1207,328,3013
2021-05-10 00:00:00,2021-05-11 00:00:00,413,52,8,473
2021-05-11 00:00:00,2021-05-12 00:00:00,337,131,15,483
2021-05-12 00:00:00,2021-05-13 00:00:00,1573,628,537,2738
2021-05-13 00:00:00,2021-05-14 00:00:00,2129,855,870,3854
2021-05-14 00:00:00,2021-05-15 00:00:00,1497,779,495,2771
2021-05-15 00:00:00,2021-05-16 00:00:00,6,146,0,152
2021-05-16 00:00:00,2021-05-17 00:00:00,848,550,5,1403
2021-05-17 00:00:00,2021-05-18 00:00:00,1316,3527,815,5658
2021-05-18 00:00:00,2021-05-19 00:00:00,86,198,127,411
2021-05-19 00:00:00,2021-05-20 00:00:00,685,585,367,1637
2021-05-20 00:00:00,2021-05-21 00:00:00,92,28,8,128
2021-05-21 00:00:00,2021-05-22 00:00:00,369,223,71,663
2021-05-22 00:00:00,2021-05-23 00:00:00,334,125,155,614
2021-05-23 00:00:00,2021-05-24 00:00:00,212,227,0,439
2021-05-24 00:00:00,2021-05-25 00:00:00,24,23,4,51
2021-05-25 00:00:00,2021-05-26 00:00:00,806,566,201,1573
2021-05-26 00:00:00,2021-05-27 00:00:00,487,56,188,731
2021-05-27 00:00:00,2021-05-28 00:00:00,2376,5306,2232,9914
2021-05-28 00:00:00,2021-05-29 00:00:00,3111,851,1021,4983
2021-05-29 00:00:00,2021-05-30 00:00:00,107,1,0,108
2021-05-30 00:00:00,2021-05-31 00:00:00,85,142,0,227
2021-05-31 00:00:00,2021-06-01 00:00:00,144,152,20,316
2021-06-01 00:00:00,2021-06-02 00:00:00,147,184,0,331
2021-06-02 00:00:00,2021-06-03 00:00:00,161,153,0,314
2021-06-03 00:00:00,2021-06-04 00:00:00,543,1679,122,2344
2021-06-04 00:00:00,2021-06-05 00:00:00,1307,3359,525,5191
2021-06-05 00:00:00,2021-06-06 00:00:00,387,385,27,799
2021-06-06 00:00:00,2021-06-07 00:00:00,26,76,11,113
2021-06-07 00:00:00,2021-06-08 00:00:00,189,174,0,363
2021-06-08 00:00:00,2021-06-09 00:00:00,8,29,0,37
2021-06-09 00:00:00,2021-06-10 00:00:00,217,138,9,364
2021-06-10 00:00:00,2021-06-11 00:00:00,1087,176,498,1761
2021-06-11 00:00:00,2021-06-12 00:00:00,292,352,196,840
2021-06-12 00:00:00,2021-06-13 00:00:00,1303,1912,661,3876
2021-06-13 00:00:00,2021-06-14 00:00:00,765,1977,144,2886
2021-06-14 00:00:00,2021-06-15 00:00:00,14227,22361,4972,41560
2021-06-15 00:00:00,2021-06-16 00:00:00,1498,6899,462,8859
2021-06-16 00:00:00,2021-06-17 00:00:00,19896,9835,2188,31919
2021-06-17 00:00:00,2021-06-18 00:00:00,13374,7913,2811,24098
2021-06-18 00:00:00,2021-06-19 00:00:00,1140,175,15,1330
2021-06-19 00:00:00,2021-06-20 00:00:00,515,352,36,903
2021-06-20 00:00:00,2021-06-21 00:00:00,1474,1598,230,3302
2021-06-21 00:00:00,2021-06-22 00:00:00,1590,1091,172,2853
2021-06-22 00:00:00,2021-06-23 00:00:00,703,5846,377,6926
2021-06-23 00:00:00,2021-06-24 00:00:00,2162,620,225,3007
2021-06-24 00:00:00,2021-06-25 00:00:00,876,581,73,1530
2021-06-25 00:00:00,2021-06-26 00:00:00,982,579,372,1933
2021-06-26 00:00:00,2021-06-27 00:00:00,2020,2891,288,5199
2021-06-27 00:00:00,2021-06-28 00:00:00,377,3055,44,3476
2021-06-28 00:00:00,2021-06-29 00:00:00,1301,5570,248,7119
2021-06-29 00:00:00,2021-06-30 00:00:00,30,2,0,32
2021-06-30 00:00:00,2021-07-01 00:00:00,127,228,113,468
2021-07-01 00:00:00,2021-07-02 00:00:00,757,530,428,1715
2021-07-02 00:00:00,2021-07-03 00:00:00,4631,1887,607,7125
2021-07-03 00:00:00,2021-07-04 00:00:00,2196,137,66,2399
2021-07-04 00:00:00,2021-07-05 00:00:00,2245,1507,415,4167
2021-07-05 00:00:00,2021-07-06 00:00:00,708,250,145,1103
2021-07-06 00:00:00,2021-07-07 00:00:00,491,134,120,745
2021-07-07 00:00:00,2021-07-08 00:00:00,2111,410,257,2778
2021-07-08 00:00:00,2021-07-09 00:00:00,1060,494,286,1840
2021-07-09 00:00:00,2021-07-10 00:00:00,191,44,43,278
2021-07-10 00:00:00,2021-07-11 00:00:00,53,67,11,131
2021-07-11 00:00:00,2021-07-12 00:00:00,191,280,44,515
2021-07-12 00:00:00,2021-07-13 00:00:00,413,316,26,755
2021-07-13 00:00:00,2021-07-14 00:00:00,566,491,140,1197
2021-07-14 00:00:00,2021-07-15 00:00:00,15,4,0,19
2021-07-15 00:00:00,2021-07-16 00:00:00,679,402,17,1098
2021-07-16 00:00:00,2021-07-17 00:00:00,2733,7344,746,10823
2021-07-17 00:00:00,2021-07-18 00:00:00,1919,1525,281,3725
2021-07-18 00:00:00,2021-07-19 00:00:00,436,2589,71,3096
2021-07-19 00:00:00,2021-07-20 00:00:00,422,4356,1037,5815
2021-07-20 00:00:00,2021-07-21 00:00:00,741,697,194,1632
2021-07-21 00:00:00,2021-07-22 00:00:00,262,100,10,372
2021-07-22 00:00:00,2021-07-23 00:00:00,518,1158,204,1880
2021-07-23 00:00:00,2021-07-24 00:00:00,445,170,56,671
2021-07-24 00:00:00,2021-07-25 00:00:00,1443,540,153,2136
2021-07-25 00:00:00,2021-07-26 00:00:00,1144,457,447,2048
2021-07-26 00:00:00,2021-07-27 00:00:00,4,4,0,8
2021-07-27 00:00:00,2021-07-28 00:00:00,1636,286,27,1949
2021-07-28 00:00:00,2021-07-29 00:00:00,162,117,77,356
2021-07-29 00:00:00,2021-07-30 00:00:00,848,435,208,1491
2021-07-30 00:00:00,2021-07-31 00:00:00,196,102,132,430
2021-07-31 00:00:00,2021-08-01 00:00:00,398,182,124,704
2021-08-01 00:00:00,2021-08-02 00:00:00,3,10,3,16
2021-08-02 00:00:00,2021-08-03 00:00:00,1087,14,155,1256
2021-08-03 00:00:00,2021-08-04 00:00:00,451,1181,91,1723
2021-08-04 00:00:00,2021-08-05 00:00:00,110,38,50,198
2021-08-05 00:00:00,2021-08-06 00:00:00,168,132,68,368
2021-08-06 00:00:00,2021-08-07 00:00:00,19,21,0,40
2021-08-07 00:00:00,2021-08-08 00:00:00,144,163,2,309
2021-08-08 00:00:00,2021-08-09 00:00:00,1,12,18,31
2021-08-09 00:00:00,2021-08-10 00:00:00,225,105,1,331
2021-08-10 00:00:00,2021-08-11 00:00:00,406,134,244,784
2021-08-11 00:00:00,2021-08-12 00:00:00,373,468,69,910
2021-08-12 00:00:00,2021-08-13 00:00:00,87,147,22,256
2021-08-13 00:00:00,2021-08-14 00:00:00,200,92,0,292
2021-08-14 00:00:00,2021-08-15 00:00:00,2953,664,593,4210
2021-08-15 00:00:00,2021-08-16 00:00:00,46755,15319,3933,66007
2021-08-16 00:00:00,2021-08-17 00:00:00,91710,25431,3988,121129
2021-08-17 00:00:00,2021-08-18 00:00:00,76921,18637,4470,100028
2021-08-18 00:00:00,2021-08-19 00:00:00,57143,21161,6408,84712
2021-08-19 00:00:00,2021-08-20 00:00:00,65878,21046,4780,91704
2021-08-20 00:00:00,2021-08-21 00:00:00,28444,15053,2339,45836
2021-08-21 00:00:00,2021-08-22 00:00:00,23318,8804,2246,34368
2021-08-22 00:00:00,2021-08-23 00:00:00,19781,5666,1256,26703
2021-08-23 00:00:00,2021-08-24 00:00:00,49389,8151,1655,59195
2021-08-24 00:00:00,2021-08-25 00:00:00,26402,10133,5549,42084
2021-08-25 00:00:00,2021-08-26 00:00:00,26280,11129,3714,41123
2021-08-26 00:00:00,2021-08-27 00:00:00,20021,7046,3024,30091
2021-08-27 00:00:00,2021-08-28 00:00:00,26703,7224,2794,36721
2021-08-28 00:00:00,2021-08-29 00:00:00,7026,4194,2326,13546
2021-08-29 00:00:00,2021-08-30 00:00:00,9538,5370,2545,17453
2021-08-30 00:00:00,2021-08-31 00:00:00,20582,9851,4248,34681
2021-08-31 00:00:00,2021-09-01 00:00:00,15639,6039,2606,24284
2021-09-01 00:00:00,2021-09-02 00:00:00,12158,2667,1425,16250
2021-09-02 00:00:00,2021-09-03 00:00:00,8469,3610,1459,13538
2021-09-03 00:00:00,2021-09-04 00:00:00,8103,4978,1364,14445
2021-09-04 00:00:00,2021-09-05 00:00:00,2124,1820,468,4412
2021-09-05 00:00:00,2021-09-06 00:00:00,3355,1424,481,5260
2021-09-06 00:00:00,2021-09-07 00:00:00,1632,1226,220,3078
2021-09-07 00:00:00,2021-09-08 00:00:00,897,825,316,2038
2021-09-08 00:00:00,2021-09-09 00:00:00,39024,4655,4630,48309
2021-09-09 00:00:00,2021-09-10 00:00:00,3539,3663,1662,8864
2021-09-10 00:00:00,2021-09-11 00:00:00,1274,2640,1017,4931
2021-09-11 00:00:00,2021-09-12 00:00:00,7033,6473,1500,15006
2021-09-12 00:00:00,2021-09-13 00:00:00,4119,2964,729,7812
2021-09-13 00:00:00,2021-09-14 00:00:00,7549,5693,3182,16424
2021-09-14 00:00:00,2021-09-15 00:00:00,6043,7537,2976,16556
2021-09-15 00:00:00,2021-09-16 00:00:00,15525,7537,2399,25461
2021-09-16 00:00:00,2021-09-17 00:00:00,6292,6376,1699,14367
2021-09-17 00:00:00,2021-09-18 00:00:00,3554,2607,841,7002
2021-09-18 00:00:00,2021-09-19 00:00:00,3098,2484,970,6552
2021-09-19 00:00:00,2021-09-20 00:00:00,4281,862,192,5335
2021-09-20 00:00:00,2021-09-21 00:00:00,13355,4636,1408,19399
2021-09-21 00:00:00,2021-09-22 00:00:00,4994,2499,777,8270
2021-09-22 00:00:00,2021-09-23 00:00:00,10148,5221,851,16220
2021-09-23 00:00:00,2021-09-24 00:00:00,5830,2514,463,8807
2021-09-24 00:00:00,2021-09-25 00:00:00,44673,7438,2292,54403
2021-09-25 00:00:00,2021-09-26 00:00:00,17316,7136,3225,27677
2021-09-26 00:00:00,2021-09-27 00:00:00,14180,6797,2432,23409
2021-09-27 00:00:00,2021-09-28 00:00:00,28030,13690,4855,46575
2021-09-28 00:00:00,2021-09-29 00:00:00,11640,4599,1507,17746
2021-09-29 00:00:00,2021-09-30 00:00:00,11611,18541,3644,33796
2021-09-30 00:00:00,2021-10-01 00:00:00,27126,3363,1707,32196
2021-10-01 00:00:00,2021-10-02 00:00:00,20091,4825,1970,26886
2021-10-02 00:00:00,2021-10-03 00:00:00,6387,5365,1535,13287
2021-10-03 00:00:00,2021-10-04 00:00:00,10627,4512,1514,16653
2021-10-04 00:00:00,2021-10-05 00:00:00,12590,4109,1573,18272
2021-10-05 00:00:00,2021-10-06 00:00:00,18182,4791,2133,25106
2021-10-06 00:00:00,2021-10-07 00:00:00,17294,2317,1175,20786
2021-10-07 00:00:00,2021-10-08 00:00:00,22052,4731,1931,28714
2021-10-08 00:00:00,2021-10-09 00:00:00,21968,3464,1430,26862
2021-10-09 00:00:00,2021-10-10 00:00:00,7801,2003,883,10687
2021-10-10 00:00:00,2021-10-11 00:00:00,8024,4202,1856,14082
2021-10-11 00:00:00,2021-10-12 00:00:00,4306,2049,517,6872
2021-10-12 00:00:00,2021-10-13 00:00:00,8722,5233,835,14790
2021-10-13 00:00:00,2021-10-14 00:00:00,15937,2859,886,19682
2021-10-14 00:00:00,2021-10-15 00:00:00,10881,8499,1926,21306
2021-10-15 00:00:00,2021-10-16 00:00:00,18199,4180,868,23247
2021-10-16 00:00:00,2021-10-17 00:00:00,7297,3257,532,11086
2021-10-17 00:00:00,2021-10-18 00:00:00,4849,3008,565,8422
2021-10-18 00:00:00,2021-10-19 00:00:00,10060,3369,1032,14461
2021-10-19 00:00:00,2021-10-20 00:00:00,16367,2390,1111,19868
2021-10-20 00:00:00,2021-10-21 00:00:00,14453,3516,1517,19486
2021-10-21 00:00:00,2021-10-22 00:00:00,3986,3703,812,8501
2021-10-22 00:00:00,2021-10-23 00:00:00,2606,2329,693,5628
2021-10-23 00:00:00,2021-10-24 00:00:00,352,253,441,1046
2021-10-24 00:00:00,2021-10-25 00:00:00,206,17,23,246
2021-10-25 00:00:00,2021-10-26 00:00:00,2109,310,151,2570
2021-10-26 00:00:00,2021-10-27 00:00:00,1313,779,296,2388
2021-10-27 00:00:00,2021-10-28 00:00:00,11482,4230,1749,17461
2021-10-28 00:00:00,2021-10-29 00:00:00,575,65,50,690
2021-10-29 00:00:00,2021-10-30 00:00:00,1263,420,195,1878
2021-10-30 00:00:00,2021-10-31 00:00:00,2099,459,188,2746
2021-10-31 00:00:00,2021-11-01 00:00:00,178,152,41,371
2021-11-01 00:00:00,2021-11-02 00:00:00,461,596,306,1363
2021-11-02 00:00:00,2021-11-03 00:00:00,347,389,131,867
2021-11-03 00:00:00,2021-11-04 00:00:00,312,401,350,1063
2021-11-04 00:00:00,2021-11-05 00:00:00,259,3000,664,3923
2021-11-05 00:00:00,2021-11-06 00:00:00,242,700,390,1332
2021-11-06 00:00:00,2021-11-07 00:00:00,474,635,381,1490
2021-11-07 00:00:00,2021-11-08 00:00:00,606,706,382,1694
2021-11-08 00:00:00,2021-11-09 00:00:00,1579,2281,572,4432
2021-11-09 00:00:00,2021-11-10 00:00:00,534,522,248,1304
2021-11-10 00:00:00,2021-11-11 00:00:00,432,297,223,952
2021-11-11 00:00:00,2021-11-12 00:00:00,312,180,133,625
2021-11-12 00:00:00,2021-11-13 00:00:00,679,485,311,1475
2021-11-13 00:00:00,2021-11-14 00:00:00,520,612,327,1459
2021-11-14 00:00:00,2021-11-15 00:00:00,1550,337,262,2149
2021-11-15 00:00:00,2021-11-16 00:00:00,2342,166,112,2620
2021-11-16 00:00:00,2021-11-17 00:00:00,999,714,458,2171
2021-11-17 00:00:00,2021-11-18 00:00:00,1027,685,290,2002
2021-11-18 00:00:00,2021-11-19 00:00:00,1157,654,1103,2914
2021-11-19 00:00:00,2021-11-20 00:00:00,483,247,327,1057
2021-11-20 00:00:00,2021-11-21 00:00:00,1358,431,332,2121
2021-11-21 00:00:00,2021-11-22 00:00:00,424,248,233,905
2021-11-22 00:00:00,2021-11-23 00:00:00,1536,630,415,2581
2021-11-23 00:00:00,2021-11-24 00:00:00,3656,462,394,4512
2021-11-24 00:00:00,2021-11-25 00:00:00,136,150,38,324
2021-11-25 00:00:00,2021-11-26 00:00:00,326,786,274,1386
2021-11-26 00:00:00,2021-11-27 00:00:00,2080,600,725,3405
2021-11-27 00:00:00,2021-11-28 00:00:00,156,7,38,201
2021-11-28 00:00:00,2021-11-29 00:00:00,41,2,0,43
2021-11-29 00:00:00,2021-11-30 00:00:00,125,113,35,273
2021-11-30 00:00:00,2021-12-01 00:00:00,243,458,645,1346
2021-12-01 00:00:00,2021-12-02 00:00:00,446,570,447,1463
2021-12-02 00:00:00,2021-12-03 00:00:00,26,75,0,101
2021-12-03 00:00:00,2021-12-04 00:00:00,109,94,136,339
2021-12-04 00:00:00,2021-12-05 00:00:00,43,18,5,66
2021-12-05 00:00:00,2021-12-06 00:00:00,366,349,240,955
2021-12-06 00:00:00,2021-12-07 00:00:00,119,107,293,519
2021-12-07 00:00:00,2021-12-08 00:00:00,394,342,229,965
2021-12-08 00:00:00,2021-12-09 00:00:00,38,38,0,76
2021-12-09 00:00:00,2021-12-10 00:00:00,11,1,23,35
2021-12-10 00:00:00,2021-12-11 00:00:00,129,300,0,429
2021-12-11 00:00:00,2021-12-12 00:00:00,260,415,507,1182
2021-12-12 00:00:00,2021-12-13 00:00:00,418,367,346,1131
2021-12-13 00:00:00,2021-12-14 00:00:00,894,725,248,1867
2021-12-14 00:00:00,2021-12-15 00:00:00,150,276,3,429
2021-12-15 00:00:00,2021-12-16 00:00:00,286,3024,292,3602
2021-12-16 00:00:00,2021-12-17 00:00:00,706,4775,323,5804
2021-12-17 00:00:00,2021-12-18 00:00:00,236,7312,118,7666
2021-12-18 00:00:00,2021-12-19 00:00:00,6,2,0,8
2021-12-19 00:00:00,2021-12-20 00:00:00,181,260,299,740
2021-12-20 00:00:00,2021-12-21 00:00:00,510,590,535,1635
2021-12-21 00:00:00,2021-12-22 00:00:00,468,540,1033,2041
2021-12-22 00:00:00,2021-12-23 00:00:00,1508,1085,745,3338
2021-12-23 00:00:00,2021-12-24 00:00:00,445,143,791,1379
2021-12-24 00:00:00,2021-12-25 00:00:00,303,4,1,308
2021-12-25 00:00:00,2021-12-26 00:00:00,4059,180,16,4255
2021-12-26 00:00:00,2021-12-27 00:00:00,1246,114,1,1361
2021-12-27 00:00:00,2021-12-28 00:00:00,109,132,48,289
2021-12-28 00:00:00,2021-12-29 00:00:00,1248,320,2167,3735
2021-12-29 00:00:00,2021-12-30 00:00:00,129,134,231,494
2021-12-30 00:00:00,2021-12-31 00:00:00,732,838,917,2487
2021-12-31 00:00:00,2022-01-01 00:00:00,8,8,4,20
2022-01-01 00:00:00,2022-01-02 00:00:00,2,182,35,219
2022-01-02 00:00:00,2022-01-03 00:00:00,5,88,0,93
2022-01-03 00:00:00,2022-01-04 00:00:00,55,192,102,349
2022-01-04 00:00:00,2022-01-05 00:00:00,511,520,691,1722
2022-01-05 00:00:00,2022-01-06 00:00:00,15,9,0,24
2022-01-06 00:00:00,2022-01-07 00:00:00,138,92,158,388
2022-01-07 00:00:00,2022-01-08 00:00:00,667,3156,350,4173
2022-01-08 00:00:00,2022-01-09 00:00:00,9,4,0,13
2022-01-09 00:00:00,2022-01-10 00:00:00,239,113,50,402
2022-01-10 00:00:00,2022-01-11 00:00:00,1580,10875,701,13156
2022-01-11 00:00:00,2022-01-12 00:00:00,1406,1291,2,2699
2022-01-12 00:00:00,2022-01-13 00:00:00,122,68,2,192
2022-01-13 00:00:00,2022-01-14 00:00:00,6308,7697,1852,15857
2022-01-14 00:00:00,2022-01-15 00:00:00,48,32,11,91
2022-01-15 00:00:00,2022-01-16 00:00:00,793,884,168,1845
2022-01-16 00:00:00,2022-01-17 00:00:00,140,3,0,143
2022-01-17 00:00:00,2022-01-18 00:00:00,11484,8404,2039,21927
2022-01-18 00:00:00,2022-01-19 00:00:00,2819,4767,767,8353
2022-01-19 00:00:00,2022-01-20 00:00:00,2212,1640,962,4814
2022-01-20 00:00:00,2022-01-21 00:00:00,4866,2622,367,7855
2022-01-21 00:00:00,2022-01-22 00:00:00,4995,3995,2137,11127
2022-01-22 00:00:00,2022-01-23 00:00:00,221,57,149,427
2022-01-23 00:00:00,2022-01-24 00:00:00,107,142,0,249
2022-01-24 00:00:00,2022-01-25 00:00:00,417,835,8,1260
2022-01-25 00:00:00,2022-01-26 00:00:00,1058,907,615,2580
2022-01-26 00:00:00,2022-01-27 00:00:00,89,157,70,316
2022-01-27 00:00:00,2022-01-28 00:00:00,5363,2503,829,8695
2022-01-28 00:00:00,2022-01-29 00:00:00,13375,7408,385,21168
2022-01-29 00:00:00,2022-01-30 00:00:00,3476,2448,66,5990
2022-01-30 00:00:00,2022-01-31 00:00:00,140,0,0,140
2022-01-31 00:00:00,2022-02-01 00:00:00,9096,6646,99,15841
2022-02-01 00:00:00,2022-02-02 00:00:00,6015,4479,486,10980
2022-02-02 00:00:00,2022-02-03 00:00:00,122,396,185,703
2022-02-03 00:00:00,2022-02-04 00:00:00,618,265,302,1185
2022-02-04 00:00:00,2022-02-05 00:00:00,3521,3841,958,8320
2022-02-05 00:00:00,2022-02-06 00:00:00,35,24,1,60
2022-02-06 00:00:00,2022-02-07 00:00:00,288,125,34,447
2022-02-07 00:00:00,2022-02-08 00:00:00,19083,11779,2080,32942
2022-02-08 00:00:00,2022-02-09 00:00:00,16668,5158,166,21992
2022-02-09 00:00:00,2022-02-10 00:00:00,12172,3412,35,15619
2022-02-10 00:00:00,2022-02-11 00:00:00,12066,3677,118,15861
2022-02-11 00:00:00,2022-02-12 00:00:00,12411,4337,285,17033
2022-02-12 00:00:00,2022-02-13 00:00:00,7457,2795,298,10550
2022-02-13 00:00:00,2022-02-14 00:00:00,9,12,2,23
2022-02-14 00:00:00,2022-02-15 00:00:00,8036,3466,131,11633
2022-02-15 00:00:00,2022-02-16 00:00:00,8869,4123,386,13378
2022-02-16 00:00:00,2022-02-17 00:00:00,6653,4801,320,11774
2022-02-17 00:00:00,2022-02-18 00:00:00,10422,4906,734,16062
2022-02-18 00:00:00,2022-02-19 00:00:00,2884,1648,340,4872
2022-02-19 00:00:00,2022-02-20 00:00:00,125,115,91,331
2022-02-20 00:00:00,2022-02-21 00:00:00,681,7,0,688
2022-02-21 00:00:00,2022-02-22 00:00:00,5411,623,378,6412
2022-02-22 00:00:00,2022-02-23 00:00:00,2217,380,251,2848
2022-02-23 00:00:00,2022-02-24 00:00:00,60770,254,315,61339
2022-02-24 00:00:00,2022-02-25 00:00:00,4574,6683,1159,12416
2022-02-25 00:00:00,2022-02-26 00:00:00,1987,631,1071,3689
2022-02-26 00:00:00,2022-02-27 00:00:00,4858,312,3212,8382
2022-02-27 00:00:00,2022-02-28 00:00:00,13,192,6,211
2022-02-28 00:00:00,2022-03-01 00:00:00,11614,9123,3331,24068
2022-03-01 00:00:00,2022-03-02 00:00:00,1109,1806,2059,4974
2022-03-02 00:00:00,2022-03-03 00:00:00,1763,2851,7093,11707
2022-03-03 00:00:00,2022-03-04 00:00:00,1954,3421,49928,55303
2022-03-04 00:00:00,2022-03-05 00:00:00,1317,652,717,2686
2022-03-05 00:00:00,2022-03-06 00:00:00,5,70,7,82
2022-03-06 00:00:00,2022-03-07 00:00:00,68,6,74,148
2022-03-07 00:00:00,2022-03-08 00:00:00,231,68,213,512
2022-03-08 00:00:00,2022-03-09 00:00:00,1585,656,552,2793
2022-03-09 00:00:00,2022-03-10 00:00:00,1828,1721,616,4165
2022-03-10 00:00:00,2022-03-11 00:00:00,2540,3877,1145,7562
2022-03-11 00:00:00,2022-03-12 00:00:00,1792,1189,864,3845
2022-03-12 00:00:00,2022-03-13 00:00:00,373,10,3,386
2022-03-13 00:00:00,2022-03-14 00:00:00,908,638,115,1661
2022-03-14 00:00:00,2022-03-15 00:00:00,133,545,0,678
2022-03-15 00:00:00,2022-03-16 00:00:00,2193,1582,960,4735
2022-03-16 00:00:00,2022-03-17 00:00:00,1467,1456,212,3135
2022-03-17 00:00:00,2022-03-18 00:00:00,2322,2467,260,5049
2022-03-18 00:00:00,2022-03-19 00:00:00,9,1,0,10
2022-03-19 00:00:00,2022-03-20 00:00:00,125,61,51,237
2022-03-20 00:00:00,2022-03-21 00:00:00,32,367,16,415
2022-03-21 00:00:00,2022-03-22 00:00:00,246,759,71,1076
2022-03-22 00:00:00,2022-03-23 00:00:00,483,3059,176,3718
2022-03-23 00:00:00,2022-03-24 00:00:00,549,2035,196,2780
2022-03-24 00:00:00,2022-03-25 00:00:00,8,94,2,104
2022-03-25 00:00:00,2022-03-26 00:00:00,14,239,0,253
2022-03-26 00:00:00,2022-03-27 00:00:00,2,279,0,281
2022-03-27 00:00:00,2022-03-28 00:00:00,3,392,0,395
2022-03-28 00:00:00,2022-03-29 00:00:00,219,278,2,499
2022-03-29 00:00:00,2022-03-30 00:00:00,33,368,31,432
2022-03-30 00:00:00,2022-03-31 00:00:00,398,461,51,910
2022-03-31 00:00:00,2022-04-01 00:00:00,5,143,1,149
2022-04-01 00:00:00,2022-04-02 00:00:00,733,1104,62,1899
2022-04-02 00:00:00,2022-04-03 00:00:00,65,56,0,121
2022-04-03 00:00:00,2022-04-04 00:00:00,2,52,0,54
2022-04-04 00:00:00,2022-04-05 00:00:00,233,301,0,534
2022-04-05 00:00:00,2022-04-06 00:00:00,638,1013,3,1654
2022-04-06 00:00:00,2022-04-07 00:00:00,426,375,0,801
2022-04-07 00:00:00,2022-04-08 00:00:00,280,613,3,896
2022-04-08 00:00:00,2022-04-09 00:00:00,17,239,0,256
2022-04-09 00:00:00,2022-04-10 00:00:00,207,18,66,291
2022-04-10 00:00:00,2022-04-11 00:00:00,17,139,0,156
2022-04-11 00:00:00,2022-04-12 00:00:00,12,38,2,52
2022-04-12 00:00:00,2022-04-13 00:00:00,65,88,0,153
2022-04-13 00:00:00,2022-04-14 00:00:00,48,22,0,70
2022-04-14 00:00:00,2022-04-15 00:00:00,3,11,0,14
2022-04-15 00:00:00,2022-04-16 00:00:00,6,7,0,13
2022-04-16 00:00:00,2022-04-17 00:00:00,3,18,0,21
2022-04-17 00:00:00,2022-04-18 00:00:00,4,13,0,17
2022-04-18 00:00:00,2022-04-19 00:00:00,7,54,0,61
2022-04-19 00:00:00,2022-04-20 00:00:00,51,17,0,68
2022-04-20 00:00:00,2022-04-21 00:00:00,495,149,1368,2012
2022-04-21 00:00:00,2022-04-22 00:00:00,455,161,136,752
2022-04-22 00:00:00,2022-04-23 00:00:00,4,52,0,56
2022-04-23 00:00:00,2022-04-24 00:00:00,440,65,194,699
2022-04-24 00:00:00,2022-04-25 00:00:00,5,7,0,12
2022-04-25 00:00:00,2022-04-26 00:00:00,120,39,20,179
2022-04-26 00:00:00,2022-04-27 00:00:00,12,504,8,524
2022-04-27 00:00:00,2022-04-28 00:00:00,135,114,67,316
2022-04-28 00:00:00,2022-04-29 00:00:00,27,112,0,139
2022-04-29 00:00:00,2022-04-30 00:00:00,5,116,0,121
2022-04-30 00:00:00,2022-05-01 00:00:00,3,0,0,3
2022-05-01 00:00:00,2022-05-02 00:00:00,5,6,0,11
2022-05-02 00:00:00,2022-05-03 00:00:00,4,1,0,5
2022-05-03 00:00:00,2022-05-04 00:00:00,5,16,0,21
2022-05-04 00:00:00,2022-05-05 00:00:00,105,32,36,173
2022-05-05 00:00:00,2022-05-06 00:00:00,147,84,11,242
2022-05-06 00:00:00,2022-05-07 00:00:00,2206,334,679,3219
2022-05-07 00:00:00,2022-05-08 00:00:00,391,98,107,596
2022-05-08 00:00:00,2022-05-09 00:00:00,7,2,0,9
2022-05-09 00:00:00,2022-05-10 00:00:00,60,101,12,173
2022-05-10 00:00:00,2022-05-11 00:00:00,5,34,0,39
2022-05-11 00:00:00,2022-05-12 00:00:00,497,76,47,620
2022-05-12 00:00:00,2022-05-13 00:00:00,2,22,0,24
2022-05-13 00:00:00,2022-05-14 00:00:00,15,10,0,25
2022-05-14 00:00:00,2022-05-15 00:00:00,3,0,0,3
2022-05-15 00:00:00,2022-05-16 00:00:00,4,7,0,11
2022-05-16 00:00:00,2022-05-17 00:00:00,9,7,0,16
2022-05-17 00:00:00,2022-05-18 00:00:00,8,1,0,9
2022-05-18 00:00:00,2022-05-19 00:00:00,615,167,33,815
2022-05-19 00:00:00,2022-05-20 00:00:00,6,26,0,32
2022-05-20 00:00:00,2022-05-21 00:00:00,0,39,0,39
2022-05-21 00:00:00,2022-05-22 00:00:00,1,103,0,104
2022-05-22 00:00:00,2022-05-23 00:00:00,5,56,4,65
2022-05-23 00:00:00,2022-05-24 00:00:00,103,214,72,389
2022-05-24 00:00:00,2022-05-25 00:00:00,105,395,215,715
2022-05-25 00:00:00,2022-05-26 00:00:00,20,17,0,37
2022-05-26 00:00:00,2022-05-27 00:00:00,5,3,0,8
2022-05-27 00:00:00,2022-05-28 00:00:00,3,4,0,7
2022-05-28 00:00:00,2022-05-29 00:00:00,2,3,0,5
2022-05-29 00:00:00,2022-05-30 00:00:00,3,1,0,4
2022-05-30 00:00:00,2022-05-31 00:00:00,8,1,0,9
2022-05-31 00:00:00,2022-06-01 00:00:00,139,74,476,689
2022-06-01 00:00:00,2022-06-02 00:00:00,75,24,340,439
2022-06-02 00:00:00,2022-06-03 00:00:00,2,4,0,6
2022-06-03 00:00:00,2022-06-04 00:00:00,599,1381,704,2684
2022-06-04 00:00:00,2022-06-05 00:00:00,1,4,0,5
2022-06-05 00:00:00,2022-06-06 00:00:00,3,2,0,5
2022-06-06 00:00:00,2022-06-07 00:00:00,28,6,19,53
2022-06-07 00:00:00,2022-06-08 00:00:00,537,415,581,1533
2022-06-08 00:00:00,2022-06-09 00:00:00,83,91,20,194
2022-06-09 00:00:00,2022-06-10 00:00:00,261,1023,427,1711
2022-06-10 00:00:00,2022-06-11 00:00:00,251,1433,472,2156
2022-06-11 00:00:00,2022-06-12 00:00:00,0,3,0,3
2022-06-12 00:00:00,2022-06-13 00:00:00,4,1,0,5
2022-06-13 00:00:00,2022-06-14 00:00:00,24,7,0,31
2022-06-14 00:00:00,2022-06-15 00:00:00,125,465,47,637
2022-06-15 00:00:00,2022-06-16 00:00:00,621,343,322,1286
2022-06-16 00:00:00,2022-06-17 00:00:00,49,11,0,60
2022-06-17 00:00:00,2022-06-18 00:00:00,6,4,0,10
2022-06-18 00:00:00,2022-06-19 00:00:00,9,2,0,11
2022-06-19 00:00:00,2022-06-20 00:00:00,6,0,0,6
2022-06-20 00:00:00,2022-06-21 00:00:00,7,1,0,8
2022-06-21 00:00:00,2022-06-22 00:00:00,358,21,118,497
2022-06-22 00:00:00,2022-06-23 00:00:00,663,251,4,918
2022-06-23 00:00:00,2022-06-24 00:00:00,7,107,21,135
2022-06-24 00:00:00,2022-06-25 00:00:00,6,18,95,119
2022-06-25 00:00:00,2022-06-26 00:00:00,14,19,2,35
2022-06-26 00:00:00,2022-06-27 00:00:00,128,18,6,152
2022-06-27 00:00:00,2022-06-28 00:00:00,7,2,0,9
2022-06-28 00:00:00,2022-06-29 00:00:00,8,0,0,8
2022-06-29 00:00:00,2022-06-30 00:00:00,6,1,0,7
2022-06-30 00:00:00,2022-07-01 00:00:00,10,2,0,12
2022-07-01 00:00:00,2022-07-02 00:00:00,7,8,3,18
2022-07-02 00:00:00,2022-07-03 00:00:00,3,3,0,6
2022-07-03 00:00:00,2022-07-04 00:00:00,3,0,0,3
2022-07-04 00:00:00,2022-07-05 00:00:00,9,3,6,18
2022-07-05 00:00:00,2022-07-06 00:00:00,9,6,0,15
2022-07-06 00:00:00,2022-07-07 00:00:00,1,0,0,1
2022-07-07 00:00:00,2022-07-08 00:00:00,6,1,0,7
2022-07-08 00:00:00,2022-07-09 00:00:00,201,25,165,391
2022-07-09 00:00:00,2022-07-10 00:00:00,6,4,0,10
2022-07-10 00:00:00,2022-07-11 00:00:00,6,3,0,9
2022-07-11 00:00:00,2022-07-12 00:00:00,7,2,0,9
2022-07-12 00:00:00,2022-07-13 00:00:00,2,2,0,4
2022-07-13 00:00:00,2022-07-14 00:00:00,6,8,0,14
2022-07-14 00:00:00,2022-07-15 00:00:00,134,18,88,240
2022-07-15 00:00:00,2022-07-16 00:00:00,5,12,0,17
2022-07-16 00:00:00,2022-07-17 00:00:00,139,21,45,205
2022-07-17 00:00:00,2022-07-18 00:00:00,221,51,211,483
2022-07-18 00:00:00,2022-07-19 00:00:00,3,2,0,5
2022-07-19 00:00:00,2022-07-20 00:00:00,2631,1512,211,4354
2022-07-20 00:00:00,2022-07-21 00:00:00,1458,165,59,1682
2022-07-21 00:00:00,2022-07-22 00:00:00,390,130,25,545
2022-07-22 00:00:00,2022-07-23 00:00:00,16,9,1,26
2022-07-23 00:00:00,2022-07-24 00:00:00,39,22,5,66
2022-07-24 00:00:00,2022-07-25 00:00:00,3,57,0,60
2022-07-25 00:00:00,2022-07-26 00:00:00,65,246,4,315
2022-07-26 00:00:00,2022-07-27 00:00:00,8,10,0,18
2022-07-27 00:00:00,2022-07-28 00:00:00,7,3,0,10
2022-07-28 00:00:00,2022-07-29 00:00:00,8,4,0,12
2022-07-29 00:00:00,2022-07-30 00:00:00,4,3,1,8
2022-07-30 00:00:00,2022-07-31 00:00:00,7,4,1,12
2022-07-31 00:00:00,2022-08-01 00:00:00,3,1,0,4
2022-08-01 00:00:00,2022-08-02 00:00:00,14,29,0,43
2022-08-02 00:00:00,2022-08-03 00:00:00,4,1,0,5
2022-08-03 00:00:00,2022-08-04 00:00:00,11,17,0,28
2022-08-04 00:00:00,2022-08-05 00:00:00,4,5,0,9
2022-08-05 00:00:00,2022-08-06 00:00:00,119,18,62,199
2022-08-06 00:00:00,2022-08-07 00:00:00,2,0,0,2
2022-08-07 00:00:00,2022-08-08 00:00:00,2,74,0,76
2022-08-08 00:00:00,2022-08-09 00:00:00,12,7,0,19
2022-08-09 00:00:00,2022-08-10 00:00:00,84,79,14,177
2022-08-10 00:00:00,2022-08-11 00:00:00,162,13,5,180
2022-08-11 00:00:00,2022-08-12 00:00:00,3,4,1,8
2022-08-12 00:00:00,2022-08-13 00:00:00,9,2,0,11
2022-08-13 00:00:00,2022-08-14 00:00:00,3,6,198,207
2022-08-14 00:00:00,2022-08-15 00:00:00,2,4,1,7
2020-08-14 00:00:00,2022-08-15 00:00:00,1952977,938941,348798,3240716
