start_date,end_date,creates,edits,deletes,total
2022-05-02 00:00:00,2022-05-09 00:00:00,5602,9184,1228,16014
2022-05-09 00:00:00,2022-05-16 00:00:00,4383,3838,877,9098
2022-05-16 00:00:00,2022-05-23 00:00:00,2896,3422,870,7188
2022-05-23 00:00:00,2022-05-30 00:00:00,5041,6811,1694,13546
2022-05-30 00:00:00,2022-06-06 00:00:00,5040,6256,955,12251
2022-06-06 00:00:00,2022-06-13 00:00:00,5996,5273,212,11481
2022-06-13 00:00:00,2022-06-20 00:00:00,5423,3941,695,10059
2022-06-20 00:00:00,2022-06-27 00:00:00,2481,2099,150,4730
2022-06-27 00:00:00,2022-07-04 00:00:00,2347,2096,391,4834
2022-07-04 00:00:00,2022-07-11 00:00:00,4266,2288,640,7194
2022-07-11 00:00:00,2022-07-18 00:00:00,5974,3408,1005,10387
2022-07-18 00:00:00,2022-07-25 00:00:00,3268,2025,386,5679
2022-07-25 00:00:00,2022-08-01 00:00:00,4223,2844,650,7717
2022-08-01 00:00:00,2022-08-08 00:00:00,5263,2741,742,8746
2022-08-08 00:00:00,2022-08-15 00:00:00,4267,2410,637,7314
2022-08-15 00:00:00,2022-08-22 00:00:00,4502,4052,638,9192
2022-08-22 00:00:00,2022-08-29 00:00:00,5330,4165,604,10099
2022-08-29 00:00:00,2022-09-05 00:00:00,4418,5352,746,10516
2022-09-05 00:00:00,2022-09-12 00:00:00,4420,4389,456,9265
2022-09-12 00:00:00,2022-09-19 00:00:00,6673,5058,726,12457
2022-09-19 00:00:00,2022-09-26 00:00:00,5059,10846,782,16687
2022-09-26 00:00:00,2022-10-03 00:00:00,6575,4976,1105,12656
2022-10-03 00:00:00,2022-10-10 00:00:00,5950,9535,1207,16692
2022-10-10 00:00:00,2022-10-17 00:00:00,6042,8609,937,15588
2022-10-17 00:00:00,2022-10-24 00:00:00,14457,10790,2456,27703
2022-10-24 00:00:00,2022-10-31 00:00:00,7315,4877,1293,13485
2022-10-31 00:00:00,2022-11-07 00:00:00,7244,9112,1352,17708
2022-11-07 00:00:00,2022-11-14 00:00:00,11085,7113,869,19067
2022-11-14 00:00:00,2022-11-21 00:00:00,9195,9111,1332,19638
2022-11-21 00:00:00,2022-11-28 00:00:00,5951,7009,1031,13991
2022-11-28 00:00:00,2022-12-05 00:00:00,7233,9884,1226,18343
2022-12-05 00:00:00,2022-12-12 00:00:00,5170,5054,1190,11414
2022-12-12 00:00:00,2022-12-19 00:00:00,6190,6001,1554,13745
2022-12-19 00:00:00,2022-12-26 00:00:00,8515,6044,2272,16831
2022-12-26 00:00:00,2023-01-02 00:00:00,11673,8944,1807,22424
2023-01-02 00:00:00,2023-01-09 00:00:00,5800,6706,2108,14614
2023-01-09 00:00:00,2023-01-16 00:00:00,6770,7007,1766,15543
2023-01-16 00:00:00,2023-01-23 00:00:00,14883,6441,3275,24599
2023-01-23 00:00:00,2023-01-30 00:00:00,6076,7215,1475,14766
2023-01-30 00:00:00,2023-02-06 00:00:00,4077,4521,1082,9680
2023-02-06 00:00:00,2023-02-13 00:00:00,11709,4038,4258,20005
2023-02-13 00:00:00,2023-02-20 00:00:00,12694,9072,1974,23740
2023-02-20 00:00:00,2023-02-27 00:00:00,10579,8246,1938,20763
2023-02-27 00:00:00,2023-03-06 00:00:00,4361,4694,1152,10207
2023-03-06 00:00:00,2023-03-13 00:00:00,4084,4134,1127,9345
2023-03-13 00:00:00,2023-03-20 00:00:00,7228,3993,743,11964
2023-03-20 00:00:00,2023-03-27 00:00:00,9912,8534,1034,19480
2023-03-27 00:00:00,2023-04-03 00:00:00,9270,4938,781,14989
2023-04-03 00:00:00,2023-04-10 00:00:00,10685,7975,779,19439
2023-04-10 00:00:00,2023-04-17 00:00:00,7486,7952,2150,17588
2023-04-17 00:00:00,2023-04-24 00:00:00,10695,9112,2174,21981
2023-04-24 00:00:00,2023-05-01 00:00:00,27897,16521,3436,47854
2023-05-01 00:00:00,2023-05-08 00:00:00,19772,15050,4995,39817
2023-05-08 00:00:00,2023-05-15 00:00:00,18630,13905,4318,36853
2023-05-15 00:00:00,2023-05-22 00:00:00,42499,18948,7877,69324
2023-05-22 00:00:00,2023-05-29 00:00:00,18279,16050,5383,39712
2023-05-29 00:00:00,2023-06-05 00:00:00,14625,13518,5469,33612
2023-06-05 00:00:00,2023-06-12 00:00:00,10127,14434,4480,29041
2023-06-12 00:00:00,2023-06-19 00:00:00,18531,10991,5551,35073
2023-06-19 00:00:00,2023-06-26 00:00:00,14174,6966,2263,23403
2023-06-26 00:00:00,2023-07-03 00:00:00,19104,26916,2903,48923
2023-07-03 00:00:00,2023-07-10 00:00:00,16188,25537,3078,44803
2023-07-10 00:00:00,2023-07-17 00:00:00,14648,8156,2143,24947
2023-07-17 00:00:00,2023-07-24 00:00:00,14948,8327,2040,25315
2023-07-24 00:00:00,2023-07-31 00:00:00,22445,17987,3031,43463
2023-07-31 00:00:00,2023-08-07 00:00:00,16331,9465,2346,28142
2023-08-07 00:00:00,2023-08-14 00:00:00,17273,15388,3743,36404
2023-08-14 00:00:00,2023-08-21 00:00:00,22347,11587,8004,41938
2023-08-21 00:00:00,2023-08-28 00:00:00,20141,11278,4645,36064
2023-08-28 00:00:00,2023-09-04 00:00:00,10093,6940,1543,18576
2023-09-04 00:00:00,2023-09-11 00:00:00,16715,6187,947,23849
2023-09-11 00:00:00,2023-09-18 00:00:00,16338,8526,2114,26978
2023-09-18 00:00:00,2023-09-25 00:00:00,6492,5448,1149,13089
2023-09-25 00:00:00,2023-10-02 00:00:00,11269,5215,1736,18220
2023-10-02 00:00:00,2023-10-09 00:00:00,15204,8942,2820,26966
2023-10-09 00:00:00,2023-10-16 00:00:00,11663,8783,1935,22381
2023-10-16 00:00:00,2023-10-23 00:00:00,19711,12112,3789,35612
2023-10-23 00:00:00,2023-10-30 00:00:00,13450,9609,2751,25810
2023-10-30 00:00:00,2023-11-06 00:00:00,12056,10189,1938,24183
2023-11-06 00:00:00,2023-11-13 00:00:00,12818,15138,2729,30685
2023-11-13 00:00:00,2023-11-20 00:00:00,9226,76384,1657,87267
2023-11-20 00:00:00,2023-11-27 00:00:00,8416,8077,1331,17824
2023-11-27 00:00:00,2023-12-04 00:00:00,6114,6283,933,13330
2023-12-04 00:00:00,2023-12-11 00:00:00,18509,9903,3778,32190
2023-12-11 00:00:00,2023-12-18 00:00:00,11832,9779,2458,24069
2023-12-18 00:00:00,2023-12-25 00:00:00,9945,5732,2427,18104
2023-12-25 00:00:00,2024-01-01 00:00:00,9659,6389,1350,17398
2024-01-01 00:00:00,2024-01-08 00:00:00,13238,7755,2025,23018
2024-01-08 00:00:00,2024-01-15 00:00:00,9051,5939,1967,16957
2024-01-15 00:00:00,2024-01-22 00:00:00,13010,4430,2534,19974
2024-01-22 00:00:00,2024-01-29 00:00:00,10021,5403,1721,17145
2024-01-29 00:00:00,2024-02-05 00:00:00,7916,5090,1538,14544
2024-02-05 00:00:00,2024-02-12 00:00:00,16873,19410,4530,40813
2024-02-12 00:00:00,2024-02-19 00:00:00,23705,8167,6637,38509
2024-02-19 00:00:00,2024-02-26 00:00:00,20796,11450,3668,35914
2024-02-26 00:00:00,2024-03-04 00:00:00,20208,9160,2907,32275
2024-03-04 00:00:00,2024-03-11 00:00:00,18000,7668,2528,28196
2024-03-11 00:00:00,2024-03-18 00:00:00,13759,10470,2113,26342
2024-03-18 00:00:00,2024-03-25 00:00:00,23649,13050,5141,41840
2024-03-25 00:00:00,2024-04-01 00:00:00,14743,10135,2273,27151
2024-04-01 00:00:00,2024-04-08 00:00:00,20828,12838,2558,36224
2024-04-08 00:00:00,2024-04-15 00:00:00,86447,11938,2604,100989
2024-04-15 00:00:00,2024-04-22 00:00:00,66006,9616,3338,78960
2024-04-22 00:00:00,2024-04-29 00:00:00,22790,20765,2712,46267
2024-04-29 00:00:00,2024-05-06 00:00:00,30711,33424,4560,68695
2022-05-02 00:00:00,2024-05-06 00:00:00,1344996,991503,230975,2567474
